X: 1496, Y: 532, pan: 0.119389, tilt: 0.306667, zoom: 0.0
X: 1713, Y: 598, pan: 0.119389, tilt: 0.306667, zoom: 0.0
X: 1356, Y: 1044, pan: 0.119389, tilt: 0.306667, zoom: 0.0
X: 1579, Y: 196, pan: 0.119389, tilt: 0.306667, zoom: 0.0
